0:
[(200.00,349.00), (200.00,964.00), (401.00,852.00)]
200, 349, 200, 964, 401, 852
new Utils.Triangle(200, 349, 200, 964, 401, 852)
.AddCollisionTriangle(new Utils.Triangle(200, 349, 200, 964, 401, 852))

1:
[(402.00,401.00), (200.00,352.00), (400.00,853.00)]
402, 401, 200, 352, 400, 853
new Utils.Triangle(402, 401, 200, 352, 400, 853)
.AddCollisionTriangle(new Utils.Triangle(402, 401, 200, 352, 400, 853))

2:
[(1528.00,398.00), (1736.00,342.00), (1734.00,969.00)]
1528, 398, 1736, 342, 1734, 969
new Utils.Triangle(1528, 398, 1736, 342, 1734, 969)
.AddCollisionTriangle(new Utils.Triangle(1528, 398, 1736, 342, 1734, 969))

3:
[(1528.00,397.00), (1528.00,857.00), (1734.00,966.00)]
1528, 397, 1528, 857, 1734, 966
new Utils.Triangle(1528, 397, 1528, 857, 1734, 966)
.AddCollisionTriangle(new Utils.Triangle(1528, 397, 1528, 857, 1734, 966))

4:
[(1251.00,701.00), (1251.00,450.00), (1356.00,758.00)]
1251, 701, 1251, 450, 1356, 758
new Utils.Triangle(1251, 701, 1251, 450, 1356, 758)
.AddCollisionTriangle(new Utils.Triangle(1251, 701, 1251, 450, 1356, 758))

5:
[(1250.00,450.00), (1357.00,761.00), (1356.00,420.00)]
1250, 450, 1357, 761, 1356, 420
new Utils.Triangle(1250, 450, 1357, 761, 1356, 420)
.AddCollisionTriangle(new Utils.Triangle(1250, 450, 1357, 761, 1356, 420))

6:
[(555.00,431.00), (555.00,763.00), (663.00,703.00)]
555, 431, 555, 763, 663, 703
new Utils.Triangle(555, 431, 555, 763, 663, 703)
.AddCollisionTriangle(new Utils.Triangle(555, 431, 555, 763, 663, 703))

7:
[(555.00,432.00), (662.00,703.00), (663.00,457.00)]
555, 432, 662, 703, 663, 457
new Utils.Triangle(555, 432, 662, 703, 663, 457)
.AddCollisionTriangle(new Utils.Triangle(555, 432, 662, 703, 663, 457))


