0:
[(822.00,555.00), (786.00,557.00), (792.00,596.00)]
822, 555, 786, 557, 792, 596
new Utils.Triangle(822, 555, 786, 557, 792, 596)
.AddCollisionTriangle(new Utils.Triangle(822, 555, 786, 557, 792, 596))

1:
[(791.00,597.00), (829.00,594.00), (821.00,555.00)]
791, 597, 829, 594, 821, 555
new Utils.Triangle(791, 597, 829, 594, 821, 555)
.AddCollisionTriangle(new Utils.Triangle(791, 597, 829, 594, 821, 555))

2:
[(870.00,607.00), (871.00,649.00), (1047.00,650.00)]
870, 607, 871, 649, 1047, 650
new Utils.Triangle(870, 607, 871, 649, 1047, 650)
.AddCollisionTriangle(new Utils.Triangle(870, 607, 871, 649, 1047, 650))

3:
[(1047.00,607.00), (1048.00,651.00), (869.00,607.00)]
1047, 607, 1048, 651, 869, 607
new Utils.Triangle(1047, 607, 1048, 651, 869, 607)
.AddCollisionTriangle(new Utils.Triangle(1047, 607, 1048, 651, 869, 607))

4:
[(871.00,650.00), (872.00,693.00), (1047.00,694.00)]
871, 650, 872, 693, 1047, 694
new Utils.Triangle(871, 650, 872, 693, 1047, 694)
.AddCollisionTriangle(new Utils.Triangle(871, 650, 872, 693, 1047, 694))

5:
[(1047.00,650.00), (1048.00,694.00), (870.00,650.00)]
1047, 650, 1048, 694, 870, 650
new Utils.Triangle(1047, 650, 1048, 694, 870, 650)
.AddCollisionTriangle(new Utils.Triangle(1047, 650, 1048, 694, 870, 650))

6:
[(1047.00,695.00), (871.00,694.00), (872.00,790.00)]
1047, 695, 871, 694, 872, 790
new Utils.Triangle(1047, 695, 871, 694, 872, 790)
.AddCollisionTriangle(new Utils.Triangle(1047, 695, 871, 694, 872, 790))

7:
[(1047.00,694.00), (872.00,790.00), (1049.00,793.00)]
1047, 694, 872, 790, 1049, 793
new Utils.Triangle(1047, 694, 872, 790, 1049, 793)
.AddCollisionTriangle(new Utils.Triangle(1047, 694, 872, 790, 1049, 793))

8:
[(546.00,394.00), (521.00,564.00), (726.00,557.00)]
546, 394, 521, 564, 726, 557
new Utils.Triangle(546, 394, 521, 564, 726, 557)
.AddCollisionTriangle(new Utils.Triangle(546, 394, 521, 564, 726, 557))

9:
[(727.00,559.00), (723.00,399.00), (546.00,394.00)]
727, 559, 723, 399, 546, 394
new Utils.Triangle(727, 559, 723, 399, 546, 394)
.AddCollisionTriangle(new Utils.Triangle(727, 559, 723, 399, 546, 394))

10:
[(1330.00,406.00), (1280.00,444.00), (1307.00,550.00)]
1330, 406, 1280, 444, 1307, 550
new Utils.Triangle(1330, 406, 1280, 444, 1307, 550)
.AddCollisionTriangle(new Utils.Triangle(1330, 406, 1280, 444, 1307, 550))

11:
[(1307.00,548.00), (1376.00,554.00), (1391.00,408.00)]
1307, 548, 1376, 554, 1391, 408
new Utils.Triangle(1307, 548, 1376, 554, 1391, 408)
.AddCollisionTriangle(new Utils.Triangle(1307, 548, 1376, 554, 1391, 408))

12:
[(1391.00,407.00), (1329.00,407.00), (1307.00,548.00)]
1391, 407, 1329, 407, 1307, 548
new Utils.Triangle(1391, 407, 1329, 407, 1307, 548)
.AddCollisionTriangle(new Utils.Triangle(1391, 407, 1329, 407, 1307, 548))


