Current triangle: 0
[(1426.00,511.00), (1333.00,569.00), (1333.00,595.00)]
1426, 511, 1333, 569, 1333, 595

Current triangle: 1
[(1425.00,512.00), (1606.00,550.00), (1605.00,623.00)]
1425, 512, 1606, 550, 1605, 623

Current triangle: 2
[(1604.00,622.00), (1440.00,629.00), (1426.00,512.00)]
1604, 622, 1440, 629, 1426, 512

Current triangle: 3
[(1426.00,512.00), (1440.00,630.00), (1332.00,595.00)]
1426, 512, 1440, 630, 1332, 595

Current triangle: 4
[(1408.00,618.00), (1433.00,701.00), (1455.00,701.00)]
1408, 618, 1433, 701, 1455, 701

Current triangle: 5
[(1455.00,701.00), (1483.00,620.00), (1407.00,615.00)]
1455, 701, 1483, 620, 1407, 615

Current triangle: 6
[(1029.00,467.00), (1011.00,485.00), (1010.00,604.00)]
1029, 467, 1011, 485, 1010, 604

Current triangle: 7
[(1010.00,602.00), (1022.00,612.00), (1088.00,610.00)]
1010, 602, 1022, 612, 1088, 610

Current triangle: 8
[(1089.00,609.00), (1103.00,598.00), (1009.00,601.00)]
1089, 609, 1103, 598, 1009, 601

Current triangle: 9
[(1101.00,598.00), (1097.00,468.00), (1010.00,600.00)]
1101, 598, 1097, 468, 1010, 600

Current triangle: 10
[(1030.00,467.00), (1097.00,467.00), (1009.00,599.00)]
1030, 467, 1097, 467, 1009, 599

Current triangle: 11
[(665.00,369.00), (664.00,444.00), (753.00,444.00)]
665, 369, 664, 444, 753, 444

Current triangle: 12
[(753.00,444.00), (750.00,367.00), (666.00,368.00)]
753, 444, 750, 367, 666, 368

Current triangle: 13
[(756.00,396.00), (756.00,435.00), (789.00,433.00)]
756, 396, 756, 435, 789, 433

Current triangle: 14
[(789.00,433.00), (786.00,395.00), (756.00,395.00)]
789, 433, 786, 395, 756, 395


