0:
[(1324.00,411.00), (1290.00,459.00), (1315.00,540.00)]
1324, 411, 1290, 459, 1315, 540
new Utils.Triangle(1324, 411, 1290, 459, 1315, 540)
.AddCollisionTriangle(new Utils.Triangle(1324, 411, 1290, 459, 1315, 540))

1:
[(1324.00,411.00), (1391.00,430.00), (1385.00,509.00)]
1324, 411, 1391, 430, 1385, 509
new Utils.Triangle(1324, 411, 1391, 430, 1385, 509)
.AddCollisionTriangle(new Utils.Triangle(1324, 411, 1391, 430, 1385, 509))

2:
[(1385.00,509.00), (1324.00,411.00), (1315.00,543.00)]
1385, 509, 1324, 411, 1315, 543
new Utils.Triangle(1385, 509, 1324, 411, 1315, 543)
.AddCollisionTriangle(new Utils.Triangle(1385, 509, 1324, 411, 1315, 543))

3:
[(1315.00,542.00), (1365.00,550.00), (1384.00,535.00)]
1315, 542, 1365, 550, 1384, 535
new Utils.Triangle(1315, 542, 1365, 550, 1384, 535)
.AddCollisionTriangle(new Utils.Triangle(1315, 542, 1365, 550, 1384, 535))

4:
[(1384.00,536.00), (1385.00,509.00), (1315.00,543.00)]
1384, 536, 1385, 509, 1315, 543
new Utils.Triangle(1384, 536, 1385, 509, 1315, 543)
.AddCollisionTriangle(new Utils.Triangle(1384, 536, 1385, 509, 1315, 543))


