0:
[(807.00,290.00), (808.00,346.00), (890.00,349.00)]
807, 290, 808, 346, 890, 349
new Utils.Triangle(807, 290, 808, 346, 890, 349)
.AddCollisionTriangle(new Utils.Triangle(807, 290, 808, 346, 890, 349))

1:
[(807.00,289.00), (889.00,348.00), (887.00,288.00)]
807, 289, 889, 348, 887, 288
new Utils.Triangle(807, 289, 889, 348, 887, 288)
.AddCollisionTriangle(new Utils.Triangle(807, 289, 889, 348, 887, 288))

2:
[(920.00,288.00), (923.00,347.00), (1004.00,346.00)]
920, 288, 923, 347, 1004, 346
new Utils.Triangle(920, 288, 923, 347, 1004, 346)
.AddCollisionTriangle(new Utils.Triangle(920, 288, 923, 347, 1004, 346))

3:
[(1000.00,287.00), (1001.00,345.00), (917.00,287.00)]
1000, 287, 1001, 345, 917, 287
new Utils.Triangle(1000, 287, 1001, 345, 917, 287)
.AddCollisionTriangle(new Utils.Triangle(1000, 287, 1001, 345, 917, 287))

4:
[(1032.00,285.00), (1036.00,346.00), (1117.00,344.00)]
1032, 285, 1036, 346, 1117, 344
new Utils.Triangle(1032, 285, 1036, 346, 1117, 344)
.AddCollisionTriangle(new Utils.Triangle(1032, 285, 1036, 346, 1117, 344))

5:
[(1031.00,285.00), (1117.00,345.00), (1115.00,285.00)]
1031, 285, 1117, 345, 1115, 285
new Utils.Triangle(1031, 285, 1117, 345, 1115, 285)
.AddCollisionTriangle(new Utils.Triangle(1031, 285, 1117, 345, 1115, 285))

6:
[(807.00,383.00), (810.00,446.00), (891.00,446.00)]
807, 383, 810, 446, 891, 446
new Utils.Triangle(807, 383, 810, 446, 891, 446)
.AddCollisionTriangle(new Utils.Triangle(807, 383, 810, 446, 891, 446))

7:
[(806.00,383.00), (891.00,447.00), (890.00,382.00)]
806, 383, 891, 447, 890, 382
new Utils.Triangle(806, 383, 891, 447, 890, 382)
.AddCollisionTriangle(new Utils.Triangle(806, 383, 891, 447, 890, 382))

8:
[(919.00,385.00), (922.00,445.00), (1005.00,444.00)]
919, 385, 922, 445, 1005, 444
new Utils.Triangle(919, 385, 922, 445, 1005, 444)
.AddCollisionTriangle(new Utils.Triangle(919, 385, 922, 445, 1005, 444))

9:
[(918.00,385.00), (1004.00,444.00), (1002.00,384.00)]
918, 385, 1004, 444, 1002, 384
new Utils.Triangle(918, 385, 1004, 444, 1002, 384)
.AddCollisionTriangle(new Utils.Triangle(918, 385, 1004, 444, 1002, 384))

10:
[(1036.00,385.00), (1038.00,442.00), (1119.00,444.00)]
1036, 385, 1038, 442, 1119, 444
new Utils.Triangle(1036, 385, 1038, 442, 1119, 444)
.AddCollisionTriangle(new Utils.Triangle(1036, 385, 1038, 442, 1119, 444))

11:
[(1036.00,384.00), (1117.00,443.00), (1116.00,383.00)]
1036, 384, 1117, 443, 1116, 383
new Utils.Triangle(1036, 384, 1117, 443, 1116, 383)
.AddCollisionTriangle(new Utils.Triangle(1036, 384, 1117, 443, 1116, 383))

12:
[(809.00,489.00), (810.00,548.00), (893.00,548.00)]
809, 489, 810, 548, 893, 548
new Utils.Triangle(809, 489, 810, 548, 893, 548)
.AddCollisionTriangle(new Utils.Triangle(809, 489, 810, 548, 893, 548))

13:
[(809.00,488.00), (892.00,549.00), (890.00,488.00)]
809, 488, 892, 549, 890, 488
new Utils.Triangle(809, 488, 892, 549, 890, 488)
.AddCollisionTriangle(new Utils.Triangle(809, 488, 892, 549, 890, 488))

14:
[(924.00,488.00), (928.00,546.00), (1008.00,547.00)]
924, 488, 928, 546, 1008, 547
new Utils.Triangle(924, 488, 928, 546, 1008, 547)
.AddCollisionTriangle(new Utils.Triangle(924, 488, 928, 546, 1008, 547))

15:
[(925.00,487.00), (1006.00,546.00), (1004.00,488.00)]
925, 487, 1006, 546, 1004, 488
new Utils.Triangle(925, 487, 1006, 546, 1004, 488)
.AddCollisionTriangle(new Utils.Triangle(925, 487, 1006, 546, 1004, 488))

16:
[(1039.00,487.00), (1041.00,543.00), (1119.00,546.00)]
1039, 487, 1041, 543, 1119, 546
new Utils.Triangle(1039, 487, 1041, 543, 1119, 546)
.AddCollisionTriangle(new Utils.Triangle(1039, 487, 1041, 543, 1119, 546))

17:
[(1040.00,488.00), (1117.00,545.00), (1116.00,488.00)]
1040, 488, 1117, 545, 1116, 488
new Utils.Triangle(1040, 488, 1117, 545, 1116, 488)
.AddCollisionTriangle(new Utils.Triangle(1040, 488, 1117, 545, 1116, 488))

18:
[(923.00,587.00), (926.00,643.00), (1007.00,642.00)]
923, 587, 926, 643, 1007, 642
new Utils.Triangle(923, 587, 926, 643, 1007, 642)
.AddCollisionTriangle(new Utils.Triangle(923, 587, 926, 643, 1007, 642))

19:
[(921.00,586.00), (1005.00,642.00), (1003.00,584.00)]
921, 586, 1005, 642, 1003, 584
new Utils.Triangle(921, 586, 1005, 642, 1003, 584)
.AddCollisionTriangle(new Utils.Triangle(921, 586, 1005, 642, 1003, 584))

20:
[(1039.00,585.00), (1043.00,643.00), (1122.00,642.00)]
1039, 585, 1043, 643, 1122, 642
new Utils.Triangle(1039, 585, 1043, 643, 1122, 642)
.AddCollisionTriangle(new Utils.Triangle(1039, 585, 1043, 643, 1122, 642))

21:
[(1040.00,585.00), (1120.00,642.00), (1119.00,582.00)]
1040, 585, 1120, 642, 1119, 582
new Utils.Triangle(1040, 585, 1120, 642, 1119, 582)
.AddCollisionTriangle(new Utils.Triangle(1040, 585, 1120, 642, 1119, 582))


