0:
[(905.00,311.00), (936.00,390.00), (1001.00,378.00)]
905, 311, 936, 390, 1001, 378
new Utils.Triangle(905, 311, 936, 390, 1001, 378)
.AddCollisionTriangle(new Utils.Triangle(905, 311, 936, 390, 1001, 378))

1:
[(1032.00,244.00), (1001.00,378.00), (904.00,312.00)]
1032, 244, 1001, 378, 904, 312
new Utils.Triangle(1032, 244, 1001, 378, 904, 312)
.AddCollisionTriangle(new Utils.Triangle(1032, 244, 1001, 378, 904, 312))

2:
[(1034.00,244.00), (943.00,223.00), (904.00,312.00)]
1034, 244, 943, 223, 904, 312
new Utils.Triangle(1034, 244, 943, 223, 904, 312)
.AddCollisionTriangle(new Utils.Triangle(1034, 244, 943, 223, 904, 312))


