0:
[(1011.00,467.00), (1006.00,614.00), (1109.00,614.00)]
1011, 467, 1006, 614, 1109, 614
new Utils.Triangle(1011, 467, 1006, 614, 1109, 614)
.AddCollisionTriangle(new Utils.Triangle(1011, 467, 1006, 614, 1109, 614))

1:
[(1109.00,614.00), (1093.00,464.00), (1011.00,467.00)]
1109, 614, 1093, 464, 1011, 467
new Utils.Triangle(1109, 614, 1093, 464, 1011, 467)
.AddCollisionTriangle(new Utils.Triangle(1109, 614, 1093, 464, 1011, 467))

2:
[(715.00,868.00), (671.00,925.00), (700.00,929.00)]
715, 868, 671, 925, 700, 929
new Utils.Triangle(715, 868, 671, 925, 700, 929)
.AddCollisionTriangle(new Utils.Triangle(715, 868, 671, 925, 700, 929))

3:
[(716.00,867.00), (735.00,870.00), (701.00,929.00)]
716, 867, 735, 870, 701, 929
new Utils.Triangle(716, 867, 735, 870, 701, 929)
.AddCollisionTriangle(new Utils.Triangle(716, 867, 735, 870, 701, 929))

4:
[(710.00,923.00), (736.00,925.00), (769.00,868.00)]
710, 923, 736, 925, 769, 868
new Utils.Triangle(710, 923, 736, 925, 769, 868)
.AddCollisionTriangle(new Utils.Triangle(710, 923, 736, 925, 769, 868))

5:
[(768.00,867.00), (740.00,870.00), (711.00,921.00)]
768, 867, 740, 870, 711, 921
new Utils.Triangle(768, 867, 740, 870, 711, 921)
.AddCollisionTriangle(new Utils.Triangle(768, 867, 740, 870, 711, 921))

6:
[(775.00,868.00), (750.00,913.00), (775.00,915.00)]
775, 868, 750, 913, 775, 915
new Utils.Triangle(775, 868, 750, 913, 775, 915)
.AddCollisionTriangle(new Utils.Triangle(775, 868, 750, 913, 775, 915))

7:
[(775.00,867.00), (801.00,869.00), (775.00,915.00)]
775, 867, 801, 869, 775, 915
new Utils.Triangle(775, 867, 801, 869, 775, 915)
.AddCollisionTriangle(new Utils.Triangle(775, 867, 801, 869, 775, 915))

8:
[(811.00,870.00), (790.00,911.00), (817.00,915.00)]
811, 870, 790, 911, 817, 915
new Utils.Triangle(811, 870, 790, 911, 817, 915)
.AddCollisionTriangle(new Utils.Triangle(811, 870, 790, 911, 817, 915))

9:
[(817.00,916.00), (832.00,871.00), (811.00,871.00)]
817, 916, 832, 871, 811, 871
new Utils.Triangle(817, 916, 832, 871, 811, 871)
.AddCollisionTriangle(new Utils.Triangle(817, 916, 832, 871, 811, 871))

10:
[(843.00,874.00), (830.00,916.00), (855.00,921.00)]
843, 874, 830, 916, 855, 921
new Utils.Triangle(843, 874, 830, 916, 855, 921)
.AddCollisionTriangle(new Utils.Triangle(843, 874, 830, 916, 855, 921))

11:
[(855.00,921.00), (870.00,877.00), (842.00,873.00)]
855, 921, 870, 877, 842, 873
new Utils.Triangle(855, 921, 870, 877, 842, 873)
.AddCollisionTriangle(new Utils.Triangle(855, 921, 870, 877, 842, 873))

12:
[(1328.00,605.00), (1460.00,658.00), (1606.00,620.00)]
1328, 605, 1460, 658, 1606, 620
new Utils.Triangle(1328, 605, 1460, 658, 1606, 620)
.AddCollisionTriangle(new Utils.Triangle(1328, 605, 1460, 658, 1606, 620))

13:
[(1422.00,644.00), (1431.00,681.00), (1460.00,679.00)]
1422, 644, 1431, 681, 1460, 679
new Utils.Triangle(1422, 644, 1431, 681, 1460, 679)
.AddCollisionTriangle(new Utils.Triangle(1422, 644, 1431, 681, 1460, 679))

14:
[(1461.00,679.00), (1460.00,659.00), (1421.00,643.00)]
1461, 679, 1460, 659, 1421, 643
new Utils.Triangle(1461, 679, 1460, 659, 1421, 643)
.AddCollisionTriangle(new Utils.Triangle(1461, 679, 1460, 659, 1421, 643))

15:
[(1402.00,528.00), (1327.00,604.00), (1608.00,620.00)]
1402, 528, 1327, 604, 1608, 620
new Utils.Triangle(1402, 528, 1327, 604, 1608, 620)
.AddCollisionTriangle(new Utils.Triangle(1402, 528, 1327, 604, 1608, 620))

16:
[(1608.00,619.00), (1608.00,548.00), (1402.00,529.00)]
1608, 619, 1608, 548, 1402, 529
new Utils.Triangle(1608, 619, 1608, 548, 1402, 529)
.AddCollisionTriangle(new Utils.Triangle(1608, 619, 1608, 548, 1402, 529))

17:
[(1404.00,527.00), (1327.00,566.00), (1327.00,605.00)]
1404, 527, 1327, 566, 1327, 605
new Utils.Triangle(1404, 527, 1327, 566, 1327, 605)
.AddCollisionTriangle(new Utils.Triangle(1404, 527, 1327, 566, 1327, 605))


