0:
[(885.00,220.00), (689.00,532.00), (842.00,924.00)]
885, 220, 689, 532, 842, 924
new Utils.Triangle(885, 220, 689, 532, 842, 924)
.AddCollisionTriangle(new Utils.Triangle(885, 220, 689, 532, 842, 924))

1:
[(884.00,221.00), (1177.00,378.00), (873.00,412.00)]
884, 221, 1177, 378, 873, 412
new Utils.Triangle(884, 221, 1177, 378, 873, 412)
.AddCollisionTriangle(new Utils.Triangle(884, 221, 1177, 378, 873, 412))

2:
[(1175.00,378.00), (1173.00,780.00), (874.00,412.00)]
1175, 378, 1173, 780, 874, 412
new Utils.Triangle(1175, 378, 1173, 780, 874, 412)
.AddCollisionTriangle(new Utils.Triangle(1175, 378, 1173, 780, 874, 412))

3:
[(1173.00,779.00), (842.00,922.00), (874.00,413.00)]
1173, 779, 842, 922, 874, 413
new Utils.Triangle(1173, 779, 842, 922, 874, 413)
.AddCollisionTriangle(new Utils.Triangle(1173, 779, 842, 922, 874, 413))

4:
[(1172.00,779.00), (1150.00,926.00), (843.00,922.00)]
1172, 779, 1150, 926, 843, 922
new Utils.Triangle(1172, 779, 1150, 926, 843, 922)
.AddCollisionTriangle(new Utils.Triangle(1172, 779, 1150, 926, 843, 922))


